##############################################################################
# Class:   califaCrystalPars4Sim
# Context: CalifaSimParContext
##############################################################################
[califaCrystalPars4Sim]
//----------------------------------------------------------------------------
califaCrystalIDPar:   Int_t \
	0 0 0 0 0 0 0 0 0 0  \
	0 0 0 0 0 0 0 0 0 0  \
	0 0 0 0 0 0 0 0 0 0  \
	0 0 0 0 0 0 0 0 0 0  \
	0 0 0 0 0 0 0 0 0 0  \
	0 0 0 0 0 0 0 0 0 0  \
	0 0 0 0 0 0 0 0 0 0  \
	0 0 0 0 0 0 0 0 0 0  \
	0 0 0 0 0 0 0 0 0 0  \
	0 0 0 0 0 0 0 0 0 0  \
	0 0 0 0 0 0 0 0 0 0  \
	0 0 0 0 0 0 0 0 0 0  \
	0 0 0 0 0 0 0 0 0 0  \
	0 0 0 0 0 0 0 0 0 0  \
	0 0 0 0 0 0 0 0 0 0  \
	0 0 0 0 0 0 0 0 0 0  \
	0 0 0 0 0 0 0 0 0 0  \
	0 0 0 0 0 0 0 0 0 0  \
	0 0 0 0 0 0 0 0 0 0  \
	0 0 0 0 0 0 0 0 0 0  \
	0 0 0 0 0 0 0 0 0 0  \
	0 0 0 0 0 0 0 0 0 0  \
	0 0 0 0 0 0 0 0 0 0  \
	0 0 0 0 0 0 0 0 0 0  \
	0 0 0 0 0 0 0 0 0 0  \
	0 0 0 0 0 0 0 0 0 0  \
	0 0 0 0 0 0 0 0 0 0  \
	0 0 0 0 0 0 0 0 0 0  \
	0 0 0 0 0 0 0 0 0 0  \
	0 0 0 0 0 0 0 0 0 0  \
	0 0 0 0 0 0 0 0 0 0  \
	0 0 0 0 0 0 0 0 0 0  \
	0 0 0 0 0 0 0 0 0 0  \
	0 0 0 0 0 0 0 0 0 0  \
	0 0 0 0 0 0 0 0 0 0  \
	0 0 0 0 0 0 0 0 0 0  \
	0 0 0 0 0 0 0 0 0 0  \
	0 0 0 0 0 0 0 0 0 0  \
	0 0 0 0 0 0 0 0 0 0  \
	0 0 0 0 0 0 0 0 0 0  \
	0 0 0 0 0 0 0 0 0 0  \
	0 0 0 0 0 0 0 0 0 0  \
	0 0 0 0 0 0 0 0 0 0  \
	0 0 0 0 0 0 0 0 0 0  \
	0 0 0 0 0 0 0 0 0 0  \
	0 0 0 0 0 0 0 0 0 0  \
	0 0 0 0 0 0 0 0 0 0  \
	0 0 0 0 0 0 0 0 0 0  \
	0 0 0 0 0 0 0 0 0 0  \
	0 0 0 0 0 0 0 0 0 0  \
	0 0 0 0 0 0 0 0 0 0  \
	0 0 0 0 0 0 0 0 0 0  \
	0 0 0 0 0 0 0 0 0 0  \
	0 0 0 0 0 0 0 0 0 0  \
	0 0 0 0 0 0 0 0 0 0  \
	0 0 0 0 0 0 0 0 0 0  \
	0 0 0 0 0 0 0 0 0 0  \
	0 0 0 0 0 0 0 0 0 0  \
	0 0 0 0 0 0 0 0 0 0  \
	0 0 0 0 0 0 0 0 0 0  \
	0 0 0 0 0 0 0 0 0 0  \
	0 0 0 0 0 0 0 0 0 0  \
	0 0 0 0 0 0 0 0 0 0  \
	0 0 0 0 0 0 0 0 0 0  \
	0 0 0 0 0 0 0 0 0 0  \
	0 0 0 0 0 0 0 0 0 0  \
	0 0 0 0 0 0 0 0 0 0  \
	0 0 0 0 0 0 0 0 0 0  \
	0 0 0 0 0 0 0 0 0 0  \
	0 0 0 0 0 0 0 0 0 0  \
	0 0 0 0 0 0 0 0 0 0  \
	0 0 0 0 0 0 0 0 0 0  \
	0 0 0 0 0 0 0 0 0 0  \
	0 0 0 0 0 0 0 0 0 0  \
	0 0 0 0 0 0 0 0 0 0  \
	0 0 0 0 0 0 0 0 0 0  \
	0 0 0 0 0 0 0 0 0 0  \
	0 0 0 0 0 0 0 0 0 0  \
	0 0 0 0 0 0 0 0 0 0  \
	0 0 0 0 0 0 0 0 0 0  \
	0 0 0 0 0 0 0 0 0 0  \
	0 0 0 0 0 0 0 0 0 0  \
	0 0 0 0 0 0 0 0 0 0  \
	0 0 0 0 0 0 0 0 0 0  \
	0 0 0 0 0 0 0 0 0 0  \
	0 0 0 0 0 0 0 0 0 0  \
	0 0 0 0 0 0 0 0 0 0  \
	0 0 0 0 0 0 0 0 0 0  \
	0 0 0 0 0 0 0 0 0 0  \
	0 0 0 0 0 0 0 0 0 0  \
	0 0 0 0 0 0 0 0 0 0  \
	0 0 0 0 0 0 0 0 0 0  \
	0 0 0 0 0 0 0 0 929 930  \
	931 932 933 934 935 936 937 938 939 940  \
	941 942 943 944 0 0 0 0 0 0  \
	0 0 0 0 0 0 0 0 0 0  \
	0 0 0 0 0 0 0 0 0 0  \
	0 0 0 0 0 0 977 978 979 980  \
	981 982 983 984 985 986 987 988 989 990  \
	991 992 993 994 995 996 997 998 999 1000  \
	1001 1002 1003 1004 1005 1006 1007 1008 0 0  \
	0 0 0 0 0 0 0 0 0 0  \
	0 0 0 0 0 0 0 0 0 0  \
	0 0 0 0 0 0 0 0 0 0  \
	1041 1042 1043 1044 1045 1046 1047 1048 1049 1050  \
	1051 1052 1053 1054 1055 1056 1057 1058 1059 1060  \
	1061 1062 1063 1064 1065 1066 1067 1068 1069 1070  \
	1071 1072 0 0 0 0 0 0 0 0  \
	0 0 0 0 0 0 0 0 0 0  \
	0 0 0 0 0 0 0 0 0 0  \
	0 0 0 0 1105 1106 1107 1108 1109 1110  \
	1111 1112 1113 1114 1115 1116 1117 1118 1119 1120  \
	1121 1122 1123 0 1125 1126 1127 1128 1129 1130  \
	1131 1132 1133 1134 1135 1136 0 0 0 0  \
	0 0 0 0 0 0 0 0 0 0  \
	0 0 0 0 0 0 0 0 0 0  \
	0 0 0 0 0 0 0 0 1169 1170  \
	1171 1172 1173 1174 1175 1176 1177 1178 1179 1180  \
	1181 1182 1183 1184 1185 1186 0 1188 1189 1190  \
	0 0 1193 1194 1195 1196 1197 1198 1199 1200  \
	0 0 0 0 0 0 0 0 0 0  \
	0 0 0 0 0 0 0 0 0 0  \
	0 0 0 0 0 0 0 0 0 0  \
	0 0 1233 1234 1235 1236 1237 1238 1239 1240  \
	1241 1242 1243 1244 1245 1246 1247 1248 1249 1250  \
	1251 1252 1253 1254 1255 0 1257 1258 1259 1260  \
	1261 1262 0 1264 0 0 0 0 0 0  \
	0 0 0 0 0 0 0 0 0 0  \
	0 0 0 0 0 0 0 0 0 0  \
	0 0 0 0 0 0 1297 1298 1299 0  \
	1301 1302 1303 1304 1305 1306 1307 1308 1309 1310  \
	1311 1312 1313 1314 1315 1316 1317 1318 1319 1320  \
	1321 1322 1323 1324 1325 1326 1327 1328 0 0  \
	0 0 0 0 0 0 0 0 0 0  \
	0 0 0 0 0 0 0 0 0 0  \
	0 0 0 0 0 0 0 0 0 0  \
	1361 1362 1363 1364 1365 1366 1367 1368 1369 1370  \
	1371 1372 1373 1374 1375 1376 1377 1378 1379 1380  \
	1381 1382 1383 1384 1385 1386 1387 1388 1389 1390  \
	1391 1392 0 0 0 0 0 0 0 0  \
	0 0 0 0 0 0 0 0 0 0  \
	0 0 0 0 0 0 0 0 0 0  \
	0 0 0 0 1425 1426 1427 1428 1429 1430  \
	1431 1432 1433 1434 1435 1436 1437 1438 1439 1440  \
	1441 1442 1443 1444 0 1446 1447 1448 1449 1450  \
	1451 1452 1453 1454 1455 1456 0 0 0 0  \
	0 0 0 0 0 0 0 0 0 0  \
	0 0 0 0 0 0 0 0 0 0  \
	0 0 0 0 0 0 0 0 1489 1490  \
	1491 1492 1493 1494 1495 1496 1497 1498 1499 1500  \
	1501 1502 1503 1504 1505 1506 1507 1508 1509 1510  \
	1511 0 1513 1514 1515 1516 1517 1518 1519 1520  \
	0 0 0 0 0 0 0 0 0 0  \
	0 0 0 0 0 0 0 0 0 0  \
	0 0 0 0 0 0 0 0 0 0  \
	0 0 1553 1554 1555 1556 1557 1558 1559 1560  \
	1561 1562 0 1564 1565 1566 1567 0 1569 1570  \
	1571 1572 1573 0 1575 1576 1577 1578 1579 1580  \
	1581 1582 1583 1584 0 0 0 0 0 0  \
	0 0 0 0 0 0 0 0 0 0  \
	0 0 0 0 0 0 0 0 0 0  \
	0 0 0 0 0 0 1617 1618 1619 1620  \
	1621 1622 1623 1624 1625 1626 1627 1628 1629 1630  \
	1631 1632 1633 1634 1635 1636 1637 0 1639 1640  \
	1641 1642 1643 1644 1645 1646 0 1648 0 0  \
	0 0 0 0 0 0 0 0 0 0  \
	0 0 0 0 0 0 0 0 0 0  \
	0 0 0 0 0 0 0 0 0 0  \
	1681 1682 1683 1684 1685 1686 1687 1688 1689 1690  \
	1691 1692 1693 1694 1695 1696 1697 1698 1699 1700  \
	1701 1702 1703 1704 1705 1706 1707 1708 1709 1710  \
	1711 1712 0 0 0 0 0 0 0 0  \
	0 0 0 0 0 0 0 0 0 0  \
	0 0 0 0 0 0 0 0 0 0  \
	0 0 0 0 1745 1746 1747 1748 1749 1750  \
	1751 1752 1753 1754 1755 1756 1757 1758 1759 1760  \
	1761 1762 1763 1764 1765 1766 1767 1768 1769 1770  \
	1771 0 1773 1774 1775 1776 0 0 0 0  \
	0 0 0 0 0 0 0 0 0 0  \
	0 0 0 0 0 0 0 0 0 0  \
	0 0 0 0 0 0 0 0 1809 1810  \
	1811 1812 1813 1814 1815 1816 1817 1818 1819 1820  \
	1821 1822 1823 1824 1825 1826 1827 1828 0 1830  \
	1831 1832 1833 1834 1835 1836 1837 1838 1839 1840  \
	0 0 0 0 0 0 0 0 0 0  \
	0 0 0 0 0 0 0 0 0 0  \
	0 0 0 0 0 0 0 0 0 0  \
	0 0 1873 1874 1875 1876 1877 1878 1879 1880  \
	1881 1882 1883 1884 1885 1886 1887 1888 1889 1890  \
	1891 1892 1893 1894 1895 1896 1897 1898 1899 1900  \
	1901 1902 1903 1904 0 0 0 0 0 0  \
	0 0 0 0 0 0 0 0 0 0  \
	0 0 0 0 0 0 0 0 0 0  \
	0 0 0 0 0 0 1937 1938 1939 1940  \
	1941 1942 1943 1944 1945 1946 1947 1948 1949 1950  \
	1951 1952 0 0 0 0 0 0 0 0  \
	0 0 0 0 0 0 0 0 1969 1970  \
	1971 0 1973 1974 1975 1976 0 0 0 0  \
	0 0 0 0 1985 1986 1987 1988 0 1990  \
	1991 1992 1993 1994 1995 1996 1997 1998 1999 2000  \
	0 0 0 0 0 0 0 0 0 0  \
	0 0 0 0 0 0 0 0 0 0  \
	0 0 0 0 0 0 0 0 0 0  \
	0 0 0 0 0 0 0 0 0 0  \
	2041 2042 2043 2044 2045 2046 2047 2048 2049 2050  \
	2051 2052 2053 2054 2055 2056 0 0 0 0  \
	0 0 0 0 0 0 0 0 0 0  \
	0 0 0 0 0 0 0 0 0 0  \
	0 0 0 0 0 0 0 0 0 0  \
	0 0 0 0 0 0 2097 2098 2099 2100  \
	2101 2102 2103 2104 0 0 0 0 0 0  \
	0 0 2113 2114 2115 2116 2117 2118 2119 2120  \
	2121 2122 0 2124 2125 2126 2127 0 0 0  \
	0 0 0 0 0 0 0 0 0 0  \
	0 0 0 0 0 0 0 0 0 0  \
	0 0 0 0 0 0 0 0 0 0  \
	0 0 0 0 0 0 0 0 0 2170  \
	2171 0 2173 0 2175 2176 2177 2178 2179 2180  \
	2181 2182 2183 2184 0 0 0 0 0 0  \
	0 0 0 0 0 0 0 0 0 0  \
	0 0 0 0 0 0 0 0 0 0  \
	0 0 0 0 0 0 0 0 0 0  \
	0 0 0 0 2225 2226 2227 2228 2229 2230  \
	2231 2232 2233 0 2235 0 2237 2238 0 2240  \
	2241 2242 2243 2244 2245 2246 2247 2248 2249 2250  \
	2251 2252 0 2254 2255 2256 0 0 0 0  \
	0 0 0 0 0 0 0 0 0 0  \
	0 0 0 0 0 0 0 0 0 0  \
	0 0 0 0 0 0 0 0 0 0  \
	0 0 0 0 0 0 2297 2298 2299 2300  \
	2301 2302 2303 2304 2305 2306 2307 2308 2309 2310  \
	2311 2312 0 0 0 0 0 0 0 0  \
	0 0 0 0 0 0 0 0 0 0  \
	0 0 0 0 0 0 0 0 0 0  \
	2341 2342 2343 2344 2345 0 0 0 0 0  \
	0 2352 2353 2354 0 0 0 0 0 0  \
	0 0 0 2364 2365 2366 2367 0 2369 0  \
	0 0 0 0 0 2376 2377 2378 0 0  \
	0 0 0 0 0 0 0 2388 2389 2390  \
	2391 2392 2393 0 0 0 0 0 0 0  \
	0 0 2403 2404 2405 0 0 0 0 0  \
	0 2412 2413 2414 2415 2416 2417 0 0 0  \
	0 0 0 0 0 0 2427 2428 2429 0  \
	0 0 0 0 0 0 0 0 0 0  \
	0 0 0 0 0 0 0 0 0 0  \
	0 0 0 0 0 0 0 0 0 0  \
	0 0 0 0 0 0 0 0 0 0  \
	0 0 0 0 0 0 0 0 0 0  \
	0 0 0 0 0 0 0 0 0 0  \
	0 0 0 0 0 0 0 0 0 0  \
	0 0 0 0 0 0 0 0 0 0  \
	0 0 0 0 0 0 0 0 0 0  \
	0 0 0 0 0 0 0 0 0 0  \
	0 0 0 0 0 0 0 0 0 0  \
	0 0 0 0 0 0 0 0 0 0  \
	0 0 0 0 0 0 0 0 0 0  \
	0 0 0 0 0 0 0 0 0 0  \
	0 0 0 0 0 0 0 0 0 0  \
	0 0 0 0 0 0 0 0 0 0  \
	0 0 0 0 0 0 0 0 0 0  \
	0 0 0 0 0 0 0 0 0 0  \
	0 0 0 0 0 0 0 0 0 0  \
	0 0 0 0 0 0 0 0 0 0  \
	0 0 0 0 0 0 0 0 0 0  \
	0 0 0 0 0 0 0 0 0 0  \
	0 0 0 0 0 0 0 0 0 0  \
	0 0 0 0 0 0 0 0 0 0  \
	0 0 0 0 0 0 0 0 0 0  \
	0 0 0 0 0 0 0 0 0 0  \
	0 0 0 0 0 0 0 0 0 0  \
	0 0 0 0 0 0 0 0 0 0  \
	0 0 0 0 0 0 0 0 0 0  \
	0 0 0 0 0 0 0 0 0 0  \
	0 0 0 0 0 0 0 0 0 0  \
	0 0 0 0 0 0 0 0 0 0  \
	0 0 0 0 0 0 0 0 0 0  \
	0 0 0 0 0 0 0 0 0 0  \
	0 0 0 0 0 0 0 0 0 0  \
	0 0 0 0 0 0 0 0 0 0  \
	0 0 0 0 0 0 0 0 0 0  \
	0 0 0 0 0 0 0 0 0 0  \
	0 0 0 0 0 0 0 0 0 0  \
	0 0 0 0 0 0 0 0 0 0  \
	0 0 0 0 0 0 0 0 0 0  \
	0 0 0 0 0 0 0 0 0 0  \
	0 0 0 0 0 0 0 0 0 0  \
	0 0 0 0 0 0 0 0 0 0  \
	0 0 0 0 0 0 0 0 0 0  \
	0 0 0 0 0 0 0 0 0 0  \
	0 0 0 0 0 0 0 0 0 0  \
	0 0 0 0 0 0 0 0 0 0  \
	0 0 0 0 0 0 0 0 0 0  \
	0 0 0 0 0 0 0 0 0 0  \
	0 0 0 0 0 0 0 0 0 0  \
	0 0 0 0 0 0 0 0 0 0  \
	0 0 0 0 0 0 0 0 0 0  \
	0 0 0 0 0 0 0 0 0 0  \
	0 0 0 0 0 0 0 0 0 0  \
	0 0 0 0 0 0 0 0 0 0  \
	0 0 0 0 0 0 0 0 0 0  \
	0 0 0 0 0 0 0 0 0 0  \
	0 0 0 0 0 0 0 0 0 0  \
	0 0 0 0 0 0 0 0 0 0  \
	0 0 0 0 0 0 0 0 0 0  \
	0 0 0 0 0 0 0 0 0 0  \
	0 0 0 0 0 0 0 0 0 0  \
	0 0 0 0 0 0 0 0 0 0  \
	0 0 0 0 0 0 0 0 0 0  \
	0 0 0 0 0 0 0 0 0 0  \
	0 0 0 0 0 0 0 0 0 0  \
	0 0 0 0 0 0 0 0 0 0  \
	0 0 0 0 0 0 0 0 0 0  \
	0 0 0 0 0 0 0 0 0 0  \
	0 0 0 0 0 0 0 0 0 0  \
	0 0 0 0 0 0 0 0 0 0  \
	0 0 0 0 0 0 0 0 0 0  \
	0 0 0 0 0 0 0 0 0 0  \
	0 0 0 0 0 0 0 0 0 0  \
	0 0 0 0 0 0 0 0 0 0  \
	0 0 0 0 0 0 0 0 0 0  \
	0 0 0 0 0 0 0 0 0 0  \
	0 0 0 0 0 0 0 0 0 0  \
	0 0 0 0 0 0 0 0 0 0  \
	0 0 0 0 0 0 0 0 0 0  \
	0 0 0 0 0 0 0 0 0 0  \
	0 0 0 0 0 0 0 0 0 0  \
	0 0 0 0 0 0 0 0 0 0  \
	0 0 0 0 0 0 0 0 0 0  \
	0 0 0 0 0 0 0 0 0 0  \
	0 0 0 0 0 0 0 0 0 0  \
	0 0 0 0 0 0 0 0 0 0  \
	0 0 0 0 0 0 0 0 0 0  \
	0 0 0 0 0 0 0 0 0 0  \
	0 0 0 0 0 0 0 0 0 0  \
	0 0 0 0 0 0 0 0 0 0  \
	0 0 0 0 0 0 0 0 0 0  \
	0 0 0 0 0 0 0 0 0 0  \
	0 0 0 0 0 0 0 0 0 0  \
	0 0 0 0 0 0 0 0 0 0  \
	0 0 0 0 0 0 0 0 0 0  \
	0 0 0 0 0 0 0 0 0 0  \
	0 0 0 0 0 0 0 0 0 0  \
	0 0 0 0 0 0 0 0 0 0  \
	0 0 0 0 0 0 0 0 0 0  \
	0 0 0 0 0 0 0 0 0 0  \
	0 0 0 0 0 0 0 0 0 0  \
	0 0 0 0 0 0 0 0 0 0  \
	0 0 0 0 0 0 0 0 0 0  \
	0 0 0 0 0 0 0 0 0 0  \
	0 0 0 0 0 0 0 0 0 0  \
	0 0 0 0 0 0 0 0 0 0  \
	0 0 0 0 0 0 0 0 0 0  \
	0 0 0 0 0 0 0 0 0 0  \
	0 0 0 0 0 0 0 0 0 0  \
	0 0 0 0 0 0 0 0 0 0  \
	0 0 0 0 0 0 0 0 0 0  \
	0 0 0 0 0 0 0 0 0 0  \
	0 0 0 0 0 0 0 0 0 0  \
	0 0 0 0 0 0 0 0 0 0  \
	0 0 0 0 0 0 0 0 0 0  \
	0 0 0 0 0 0 0 0 0 0  \
	0 0 0 0 0 0 0 0 0 0  \
	0 0 0 0 0 0 0 0 0 0  \
	0 0 0 0 0 0 0 0 0 0  \
	0 0 0 0 0 0 0 0 0 0  \
	0 0 0 0 0 0 0 0 0 0  \
	0 0 0 0 0 0 0 0 0 0  \
	0 0 0 0 0 0 0 0 0 0  \
	0 0 0 0 0 0 0 0 0 0  \
	0 0 0 0 0 0 0 0 0 0  \
	0 0 0 0 0 0 0 0 0 0  \
	0 0 0 0 0 0 0 0 0 0  \
	0 0 0 0 0 0 0 0 0 0  \
	0 0 0 0 0 0 0 0 0 0  \
	0 0 0 0 0 0 0 0 0 0  \
	0 0 0 0 0 0 0 0 0 0  \
	0 0 0 0 0 0 0 0 0 0  \
	0 0 0 0 0 0 0 0 0 0  \
	0 0 0 0 0 0 0 0 0 0  \
	0 0 0 0 0 0 0 0 0 0  \
	0 0 0 0 0 0 0 0 0 0  \
	0 0 0 0 0 0 0 0 0 0  \
	0 0 0 0 0 0 0 0 0 0  \
	0 0 0 0 0 0 0 0 0 0  \
	0 0 0 0 0 0 0 0 0 0  \
	0 0 0 0 0 0 0 0 0 0  \
	0 0 0 0 0 0 0 0 0 0  \
	0 0 0 0 0 0 0 0 0 0  \
	0 0 0 0 0 0 0 0 0 0  \
	0 0 0 0 0 0 0 0 0 0  \
	0 0 0 0 0 0 0 0 0 0  \
	0 0 0 0 0 0 0 0 0 0  \
	0 0 0 0 0 0 0 0 0 0  \
	0 0 0 0 0 0 0 0 0 0  \
	0 0 0 0 0 0 0 0 0 0  \
	0 0 0 0 0 0 0 0 0 0  \
	0 0 0 0 0 0 0 0 0 0  \
	0 0 0 0 0 0 0 0 0 0  \
	0 0 0 0 0 0 0 0 0 0  \
	0 0 0 0 0 0 0 0 0 0  \
	0 0 0 0 0 0 0 0 0 0  \
	0 0 0 0 0 0 0 0 0 0  \
	0 0 0 0 0 0 0 0 0 0  \
	0 0 0 0 0 0 0 0 0 0  \
	0 0 0 0 0 0 0 0 0 0  \
	0 0 0 0 0 0 0 0 0 0  \
	0 0 0 0 0 0 0 0 0 0  \
	0 0 0 0 0 0 0 0 0 0  \
	0 0 0 0 0 0 0 0 0 0  \
	0 0 0 0 0 0 0 0 0 0  \
	0 0 0 0 0 0 0 0 0 0  \
	0 0 0 0 0 0 0 0 0 0  \
	0 0 0 0 0 0 0 0 0 0  \
	0 0 0 0 0 0 0 0 0 0  \
	0 0 0 0 0 0 0 0 0 0  \
	0 0 0 0 0 0 0 0 0 0  \
	0 0 0 0 0 0 0 0 0 0  \
	0 0 0 0 0 0 0 0 0 0  \
	0 0 0 0 0 0 0 0 0 0  \
	0 0 0 0 0 0 0 0 0 0  \
	0 0 0 0 0 0 0 0 0 0  \
	0 0 0 0 0 0 0 0 0 0  \
	0 0 0 0 0 0 0 0 0 0  \
	0 0 0 0 0 0 0 0 0 0  \
	0 0 0 0 0 0 0 0 0 0  \
	0 0 0 0 0 0 0 0 0 0  \
	0 0 0 0 0 0 0 0 0 0  \
	0 0 0 0 0 0 0 0 0 0  \
	0 0 0 0 0 0 0 0 0 0  \
	0 0 0 0 0 0 0 0 0 0  \
	0 0 0 0 0 0 0 0 0 0  \
	0 0 0 0 0 0 0 0 0 0  \
	0 0 0 0 0 0 0 0 0 0  \
	0 0 0 0 0 0 0 0 0 0  \
	0 0 0 0 0 0 0 0 0 0  \
	0 0 0 0 0 0 0 0 0 0  \
	0 0 0 0 0 0 0 0 0 0  \
	0 0 0 0 0 0 0 0 0 0  \
	0 0 0 0 0 0 0 0 0 0  \
	0 0 0 0 0 0 0 0 0 0  \
	0 0 0 0 0 0 0 0 0 0  \
	0 0 0 0 0 0 0 0 0 0  \
	0 0 0 0 0 0 0 0 0 0  \
	0 0 0 0 0 0 0 0 0 0  \
	0 0 0 0 0 0 0 0 0 0  \
	0 0 0 0 0 0 0 0 0 0  \
	0 0 0 0 0 0 0 0 0 0  \
	0 0 0 0 0 0 0 0 0 0  \
	0 0 0 0 0 0 0 0 0 0  \
	0 0 0 0 0 0 0 0 0 0  \
	0 0 0 0 0 0 0 0 0 0  \
	0 0 0 0 0 0 0 0 0 0  \
	0 0 0 0 0 0 0 0 0 0  \
	0 0 0 0 0 0 0 0 0 0  \
	0 0 0 0 0 0 0 0 0 0  \
	0 0 0 0 0 0 0 0 0 0  \
	0 0 0 0 0 0 0 0 0 0  \
	0 0 0 0 0 0 0 0 0 0  \
	0 0 0 0 0 0 0 0 0 0  \
	0 0 0 0 0 0 0 0 0 0  \
	0 0 0 0 0 0 0 0 0 0  \
	0 0 0 0 0 0 0 0 0 0  \
	0 0 0 0 0 0 0 0 0 0  \
	0 0 0 0 0 0 0 0 0 0  \
	0 0 0 0 0 0 0 0 0 0  \
	0 0 0 0 0 0 0 0 0 0  \
	0 0 0 0 0 0 0 0 0 0  \
	0 0 0 0 0 0 0 0 0 0  \
	0 0 0 0 0 0 0 0 0 0  \
	0 0 0 0 0 0 0 0 0 0  \
	0 0 0 0 0 0 0 0 0 0  \
	0 0 0 0 0 0 0 0 0 0  \
	0 0 0 0 0 0 0 0 0 0  \
	0 0 0 0 0 0 0 0 0 0  \
	0 0 0 0 0 0 0 0 0 0  \
	0 0 0 0 0 0 0 0 0 0  \
	0 0 0 0 0 0 0 0 0 0  \
	0 0 0 0 0 0 0 0 0 0  \
	0 0 0 0 0 0 0 0 0 0  \
	0 0 0 0 0 0 0 0 0 0  \
	0 0 0 0 0 0 0 0 0 0  \
	0 0 0 0 0 0 0 0 0 0  \
	0 0 0 0 0 0 0 0 0 0  \
	0 0 0 0 0 0 0 0 0 0  \
	0 0 0 0 0 0 0 0 0 0  \
	0 0 0 0 0 0 0 0 0 0  \
	0 0 0 0 
califaThresholdPar:   Int_t \
	0 0 0 0 0 0 0 0 0 0  \
	0 0 0 0 0 0 0 0 0 0  \
	0 0 0 0 0 0 0 0 0 0  \
	0 0 0 0 0 0 0 0 0 0  \
	0 0 0 0 0 0 0 0 0 0  \
	0 0 0 0 0 0 0 0 0 0  \
	0 0 0 0 0 0 0 0 0 0  \
	0 0 0 0 0 0 0 0 0 0  \
	0 0 0 0 0 0 0 0 0 0  \
	0 0 0 0 0 0 0 0 0 0  \
	0 0 0 0 0 0 0 0 0 0  \
	0 0 0 0 0 0 0 0 0 0  \
	0 0 0 0 0 0 0 0 0 0  \
	0 0 0 0 0 0 0 0 0 0  \
	0 0 0 0 0 0 0 0 0 0  \
	0 0 0 0 0 0 0 0 0 0  \
	0 0 0 0 0 0 0 0 0 0  \
	0 0 0 0 0 0 0 0 0 0  \
	0 0 0 0 0 0 0 0 0 0  \
	0 0 0 0 0 0 0 0 0 0  \
	0 0 0 0 0 0 0 0 0 0  \
	0 0 0 0 0 0 0 0 0 0  \
	0 0 0 0 0 0 0 0 0 0  \
	0 0 0 0 0 0 0 0 0 0  \
	0 0 0 0 0 0 0 0 0 0  \
	0 0 0 0 0 0 0 0 0 0  \
	0 0 0 0 0 0 0 0 0 0  \
	0 0 0 0 0 0 0 0 0 0  \
	0 0 0 0 0 0 0 0 0 0  \
	0 0 0 0 0 0 0 0 0 0  \
	0 0 0 0 0 0 0 0 0 0  \
	0 0 0 0 0 0 0 0 0 0  \
	0 0 0 0 0 0 0 0 0 0  \
	0 0 0 0 0 0 0 0 0 0  \
	0 0 0 0 0 0 0 0 0 0  \
	0 0 0 0 0 0 0 0 0 0  \
	0 0 0 0 0 0 0 0 0 0  \
	0 0 0 0 0 0 0 0 0 0  \
	0 0 0 0 0 0 0 0 0 0  \
	0 0 0 0 0 0 0 0 0 0  \
	0 0 0 0 0 0 0 0 0 0  \
	0 0 0 0 0 0 0 0 0 0  \
	0 0 0 0 0 0 0 0 0 0  \
	0 0 0 0 0 0 0 0 0 0  \
	0 0 0 0 0 0 0 0 0 0  \
	0 0 0 0 0 0 0 0 0 0  \
	0 0 0 0 0 0 0 0 0 0  \
	0 0 0 0 0 0 0 0 0 0  \
	0 0 0 0 0 0 0 0 0 0  \
	0 0 0 0 0 0 0 0 0 0  \
	0 0 0 0 0 0 0 0 0 0  \
	0 0 0 0 0 0 0 0 0 0  \
	0 0 0 0 0 0 0 0 0 0  \
	0 0 0 0 0 0 0 0 0 0  \
	0 0 0 0 0 0 0 0 0 0  \
	0 0 0 0 0 0 0 0 0 0  \
	0 0 0 0 0 0 0 0 0 0  \
	0 0 0 0 0 0 0 0 0 0  \
	0 0 0 0 0 0 0 0 0 0  \
	0 0 0 0 0 0 0 0 0 0  \
	0 0 0 0 0 0 0 0 0 0  \
	0 0 0 0 0 0 0 0 0 0  \
	0 0 0 0 0 0 0 0 0 0  \
	0 0 0 0 0 0 0 0 0 0  \
	0 0 0 0 0 0 0 0 0 0  \
	0 0 0 0 0 0 0 0 0 0  \
	0 0 0 0 0 0 0 0 0 0  \
	0 0 0 0 0 0 0 0 0 0  \
	0 0 0 0 0 0 0 0 0 0  \
	0 0 0 0 0 0 0 0 0 0  \
	0 0 0 0 0 0 0 0 0 0  \
	0 0 0 0 0 0 0 0 0 0  \
	0 0 0 0 0 0 0 0 0 0  \
	0 0 0 0 0 0 0 0 0 0  \
	0 0 0 0 0 0 0 0 0 0  \
	0 0 0 0 0 0 0 0 0 0  \
	0 0 0 0 0 0 0 0 0 0  \
	0 0 0 0 0 0 0 0 0 0  \
	0 0 0 0 0 0 0 0 0 0  \
	0 0 0 0 0 0 0 0 0 0  \
	0 0 0 0 0 0 0 0 0 0  \
	0 0 0 0 0 0 0 0 0 0  \
	0 0 0 0 0 0 0 0 0 0  \
	0 0 0 0 0 0 0 0 0 0  \
	0 0 0 0 0 0 0 0 0 0  \
	0 0 0 0 0 0 0 0 0 0  \
	0 0 0 0 0 0 0 0 0 0  \
	0 0 0 0 0 0 0 0 0 0  \
	0 0 0 0 0 0 0 0 0 0  \
	0 0 0 0 0 0 0 0 0 0  \
	0 0 0 0 0 0 0 0 0 0  \
	0 0 0 0 0 0 0 0 0 0  \
	0 0 0 0 0 0 0 0 200 200  \
	200 200 200 200 200 200 200 200 200 200  \
	200 200 200 200 0 0 0 0 0 0  \
	0 0 0 0 0 0 0 0 0 0  \
	0 0 0 0 0 0 0 0 0 0  \
	0 0 0 0 0 0 200 200 200 200  \
	200 200 200 200 200 200 200 200 200 200  \
	200 200 300 300 350 300 300 300 300 300  \
	250 250 250 250 250 250 250 250 0 0  \
	0 0 0 0 0 0 0 0 0 0  \
	0 0 0 0 0 0 0 0 0 0  \
	0 0 0 0 0 0 0 0 0 0  \
	250 250 250 250 250 250 250 250 250 250  \
	250 250 250 250 250 250 200 200 200 200  \
	200 200 200 200 200 200 200 200 200 200  \
	200 200 0 0 0 0 0 0 0 0  \
	0 0 0 0 0 0 0 0 0 0  \
	0 0 0 0 0 0 0 0 0 0  \
	0 0 0 0 200 200 200 200 200 200  \
	200 200 200 200 200 200 200 200 200 200  \
	300 300 300 0 300 300 300 300 250 250  \
	250 250 250 250 250 250 0 0 0 0  \
	0 0 0 0 0 0 0 0 0 0  \
	0 0 0 0 0 0 0 0 0 0  \
	0 0 0 0 0 0 0 0 250 250  \
	250 250 250 250 250 250 250 250 250 250  \
	250 250 250 250 200 200 0 200 200 200  \
	0 0 200 200 200 200 200 200 200 200  \
	0 0 0 0 0 0 0 0 0 0  \
	0 0 0 0 0 0 0 0 0 0  \
	0 0 0 0 0 0 0 0 0 0  \
	0 0 200 200 200 200 200 200 200 200  \
	200 200 200 200 200 200 200 200 250 250  \
	250 250 250 250 250 0 250 250 250 250  \
	250 250 0 250 0 0 0 0 0 0  \
	0 0 0 0 0 0 0 0 0 0  \
	0 0 0 0 0 0 0 0 0 0  \
	0 0 0 0 0 0 250 250 250 0  \
	250 250 250 250 250 250 250 250 250 250  \
	250 250 200 200 200 200 200 200 200 200  \
	200 200 200 200 200 200 200 200 0 0  \
	0 0 0 0 0 0 0 0 0 0  \
	0 0 0 0 0 0 0 0 0 0  \
	0 0 0 0 0 0 0 0 0 0  \
	200 200 200 200 200 200 200 200 200 200  \
	200 200 200 200 200 200 250 250 250 250  \
	250 250 300 250 250 250 250 250 250 250  \
	250 250 0 0 0 0 0 0 0 0  \
	0 0 0 0 0 0 0 0 0 0  \
	0 0 0 0 0 0 0 0 0 0  \
	0 0 0 0 250 250 250 250 250 250  \
	250 250 250 250 250 250 250 250 250 250  \
	200 200 200 200 0 200 200 200 200 200  \
	200 200 200 200 200 200 0 0 0 0  \
	0 0 0 0 0 0 0 0 0 0  \
	0 0 0 0 0 0 0 0 0 0  \
	0 0 0 0 0 0 0 0 200 200  \
	200 200 200 200 200 200 200 200 200 200  \
	200 200 200 200 250 250 250 250 250 250  \
	250 0 250 250 250 250 250 250 250 250  \
	0 0 0 0 0 0 0 0 0 0  \
	0 0 0 0 0 0 0 0 0 0  \
	0 0 0 0 0 0 0 0 0 0  \
	0 0 250 250 250 250 250 250 250 250  \
	250 250 0 250 250 250 250 0 200 200  \
	200 200 200 0 200 200 200 200 200 200  \
	200 200 200 200 0 0 0 0 0 0  \
	0 0 0 0 0 0 0 0 0 0  \
	0 0 0 0 0 0 0 0 0 0  \
	0 0 0 0 0 0 200 200 200 200  \
	200 200 200 200 200 200 200 200 200 200  \
	200 200 250 250 250 250 250 0 250 250  \
	250 250 250 250 250 250 0 250 0 0  \
	0 0 0 0 0 0 0 0 0 0  \
	0 0 0 0 0 0 0 0 0 0  \
	0 0 0 0 0 0 0 0 0 0  \
	250 250 250 250 250 250 250 250 250 250  \
	250 250 250 250 250 250 200 200 200 200  \
	200 200 200 200 200 200 200 200 200 200  \
	200 200 0 0 0 0 0 0 0 0  \
	0 0 0 0 0 0 0 0 0 0  \
	0 0 0 0 0 0 0 0 0 0  \
	0 0 0 0 200 200 200 200 200 200  \
	200 200 200 200 200 200 200 200 200 200  \
	250 250 250 250 250 250 250 250 250 250  \
	250 0 250 250 250 250 0 0 0 0  \
	0 0 0 0 0 0 0 0 0 0  \
	0 0 0 0 0 0 0 0 0 0  \
	0 0 0 0 0 0 0 0 250 250  \
	250 250 250 250 250 250 250 250 250 250  \
	250 250 250 250 200 200 200 200 0 200  \
	200 200 200 200 200 200 200 200 200 200  \
	0 0 0 0 0 0 0 0 0 0  \
	0 0 0 0 0 0 0 0 0 0  \
	0 0 0 0 0 0 0 0 0 0  \
	0 0 200 200 200 200 200 200 200 200  \
	200 200 200 200 200 200 200 200 250 250  \
	250 250 250 250 250 250 250 250 250 250  \
	250 250 250 250 0 0 0 0 0 0  \
	0 0 0 0 0 0 0 0 0 0  \
	0 0 0 0 0 0 0 0 0 0  \
	0 0 0 0 0 0 250 250 250 250  \
	250 250 250 250 250 250 250 250 250 250  \
	250 250 0 0 0 0 0 0 0 0  \
	0 0 0 0 0 0 0 0 250 250  \
	250 0 250 250 250 500 0 0 0 0  \
	0 0 0 0 250 250 250 250 0 250  \
	250 250 250 250 250 250 250 250 250 250  \
	0 0 0 0 0 0 0 0 0 0  \
	0 0 0 0 0 0 0 0 0 0  \
	0 0 0 0 0 0 0 0 0 0  \
	0 0 0 0 0 0 0 0 0 0  \
	250 250 250 250 250 250 250 250 350 350  \
	350 350 350 350 350 350 0 0 0 0  \
	0 0 0 0 0 0 0 0 0 0  \
	0 0 0 0 0 0 0 0 0 0  \
	0 0 0 0 0 0 0 0 0 0  \
	0 0 0 0 0 0 250 250 250 250  \
	250 250 250 250 0 0 0 0 0 0  \
	0 0 250 250 250 250 250 250 250 250  \
	250 250 0 250 250 250 250 0 0 0  \
	0 0 0 0 0 0 0 0 0 0  \
	0 0 0 0 0 0 0 0 0 0  \
	0 0 0 0 0 0 0 0 0 0  \
	0 0 0 0 0 0 0 0 0 250  \
	250 0 250 0 250 250 350 350 350 350  \
	350 350 350 350 0 0 0 0 0 0  \
	0 0 0 0 0 0 0 0 0 0  \
	0 0 0 0 0 0 0 0 0 0  \
	0 0 0 0 0 0 0 0 0 0  \
	0 0 0 0 250 250 250 250 250 250  \
	250 250 250 0 250 0 250 250 0 250  \
	250 250 250 250 250 250 250 250 250 250  \
	250 250 0 250 250 250 0 0 0 0  \
	0 0 0 0 0 0 0 0 0 0  \
	0 0 0 0 0 0 0 0 0 0  \
	0 0 0 0 0 0 0 0 0 0  \
	0 0 0 0 0 0 300 300 300 300  \
	300 300 300 300 350 350 350 350 350 350  \
	350 350 0 0 0 0 0 0 0 0  \
	0 0 0 0 0 0 0 0 0 0  \
	0 0 0 0 0 0 0 0 0 0  \
	250 250 250 250 250 0 0 0 0 0  \
	0 300 300 300 0 0 0 0 0 0  \
	0 0 0 250 250 250 250 0 250 0  \
	0 0 0 0 0 300 300 300 0 0  \
	0 0 0 0 0 0 0 250 250 250  \
	250 250 250 0 0 0 0 0 0 0  \
	0 0 350 350 350 0 0 0 0 0  \
	0 250 250 250 250 250 250 0 0 0  \
	0 0 0 0 0 0 350 350 350 0  \
	0 0 0 0 0 0 0 0 0 0  \
	0 0 0 0 0 0 0 0 0 0  \
	0 0 0 0 0 0 0 0 0 0  \
	0 0 0 0 0 0 0 0 0 0  \
	0 0 0 0 0 0 0 0 0 0  \
	0 0 0 0 0 0 0 0 0 0  \
	0 0 0 0 0 0 0 0 0 0  \
	0 0 0 0 0 0 0 0 0 0  \
	0 0 0 0 0 0 0 0 0 0  \
	0 0 0 0 0 0 0 0 0 0  \
	0 0 0 0 0 0 0 0 0 0  \
	0 0 0 0 0 0 0 0 0 0  \
	0 0 0 0 0 0 0 0 0 0  \
	0 0 0 0 0 0 0 0 0 0  \
	0 0 0 0 0 0 0 0 0 0  \
	0 0 0 0 0 0 0 0 0 0  \
	0 0 0 0 0 0 0 0 0 0  \
	0 0 0 0 0 0 0 0 0 0  \
	0 0 0 0 0 0 0 0 0 0  \
	0 0 0 0 0 0 0 0 0 0  \
	0 0 0 0 0 0 0 0 0 0  \
	0 0 0 0 0 0 0 0 0 0  \
	0 0 0 0 0 0 0 0 0 0  \
	0 0 0 0 0 0 0 0 0 0  \
	0 0 0 0 0 0 0 0 0 0  \
	0 0 0 0 0 0 0 0 0 0  \
	0 0 0 0 0 0 0 0 0 0  \
	0 0 0 0 0 0 0 0 0 0  \
	0 0 0 0 0 0 0 0 0 0  \
	0 0 0 0 0 0 0 0 0 0  \
	0 0 0 0 0 0 0 0 0 0  \
	0 0 0 0 0 0 0 0 0 0  \
	0 0 0 0 0 0 0 0 0 0  \
	0 0 0 0 0 0 0 0 0 0  \
	0 0 0 0 0 0 0 0 0 0  \
	0 0 0 0 0 0 0 0 0 0  \
	0 0 0 0 0 0 0 0 0 0  \
	0 0 0 0 0 0 0 0 0 0  \
	0 0 0 0 0 0 0 0 0 0  \
	0 0 0 0 0 0 0 0 0 0  \
	0 0 0 0 0 0 0 0 0 0  \
	0 0 0 0 0 0 0 0 0 0  \
	0 0 0 0 0 0 0 0 0 0  \
	0 0 0 0 0 0 0 0 0 0  \
	0 0 0 0 0 0 0 0 0 0  \
	0 0 0 0 0 0 0 0 0 0  \
	0 0 0 0 0 0 0 0 0 0  \
	0 0 0 0 0 0 0 0 0 0  \
	0 0 0 0 0 0 0 0 0 0  \
	0 0 0 0 0 0 0 0 0 0  \
	0 0 0 0 0 0 0 0 0 0  \
	0 0 0 0 0 0 0 0 0 0  \
	0 0 0 0 0 0 0 0 0 0  \
	0 0 0 0 0 0 0 0 0 0  \
	0 0 0 0 0 0 0 0 0 0  \
	0 0 0 0 0 0 0 0 0 0  \
	0 0 0 0 0 0 0 0 0 0  \
	0 0 0 0 0 0 0 0 0 0  \
	0 0 0 0 0 0 0 0 0 0  \
	0 0 0 0 0 0 0 0 0 0  \
	0 0 0 0 0 0 0 0 0 0  \
	0 0 0 0 0 0 0 0 0 0  \
	0 0 0 0 0 0 0 0 0 0  \
	0 0 0 0 0 0 0 0 0 0  \
	0 0 0 0 0 0 0 0 0 0  \
	0 0 0 0 0 0 0 0 0 0  \
	0 0 0 0 0 0 0 0 0 0  \
	0 0 0 0 0 0 0 0 0 0  \
	0 0 0 0 0 0 0 0 0 0  \
	0 0 0 0 0 0 0 0 0 0  \
	0 0 0 0 0 0 0 0 0 0  \
	0 0 0 0 0 0 0 0 0 0  \
	0 0 0 0 0 0 0 0 0 0  \
	0 0 0 0 0 0 0 0 0 0  \
	0 0 0 0 0 0 0 0 0 0  \
	0 0 0 0 0 0 0 0 0 0  \
	0 0 0 0 0 0 0 0 0 0  \
	0 0 0 0 0 0 0 0 0 0  \
	0 0 0 0 0 0 0 0 0 0  \
	0 0 0 0 0 0 0 0 0 0  \
	0 0 0 0 0 0 0 0 0 0  \
	0 0 0 0 0 0 0 0 0 0  \
	0 0 0 0 0 0 0 0 0 0  \
	0 0 0 0 0 0 0 0 0 0  \
	0 0 0 0 0 0 0 0 0 0  \
	0 0 0 0 0 0 0 0 0 0  \
	0 0 0 0 0 0 0 0 0 0  \
	0 0 0 0 0 0 0 0 0 0  \
	0 0 0 0 0 0 0 0 0 0  \
	0 0 0 0 0 0 0 0 0 0  \
	0 0 0 0 0 0 0 0 0 0  \
	0 0 0 0 0 0 0 0 0 0  \
	0 0 0 0 0 0 0 0 0 0  \
	0 0 0 0 0 0 0 0 0 0  \
	0 0 0 0 0 0 0 0 0 0  \
	0 0 0 0 0 0 0 0 0 0  \
	0 0 0 0 0 0 0 0 0 0  \
	0 0 0 0 0 0 0 0 0 0  \
	0 0 0 0 0 0 0 0 0 0  \
	0 0 0 0 0 0 0 0 0 0  \
	0 0 0 0 0 0 0 0 0 0  \
	0 0 0 0 0 0 0 0 0 0  \
	0 0 0 0 0 0 0 0 0 0  \
	0 0 0 0 0 0 0 0 0 0  \
	0 0 0 0 0 0 0 0 0 0  \
	0 0 0 0 0 0 0 0 0 0  \
	0 0 0 0 0 0 0 0 0 0  \
	0 0 0 0 0 0 0 0 0 0  \
	0 0 0 0 0 0 0 0 0 0  \
	0 0 0 0 0 0 0 0 0 0  \
	0 0 0 0 0 0 0 0 0 0  \
	0 0 0 0 0 0 0 0 0 0  \
	0 0 0 0 0 0 0 0 0 0  \
	0 0 0 0 0 0 0 0 0 0  \
	0 0 0 0 0 0 0 0 0 0  \
	0 0 0 0 0 0 0 0 0 0  \
	0 0 0 0 0 0 0 0 0 0  \
	0 0 0 0 0 0 0 0 0 0  \
	0 0 0 0 0 0 0 0 0 0  \
	0 0 0 0 0 0 0 0 0 0  \
	0 0 0 0 0 0 0 0 0 0  \
	0 0 0 0 0 0 0 0 0 0  \
	0 0 0 0 0 0 0 0 0 0  \
	0 0 0 0 0 0 0 0 0 0  \
	0 0 0 0 0 0 0 0 0 0  \
	0 0 0 0 0 0 0 0 0 0  \
	0 0 0 0 0 0 0 0 0 0  \
	0 0 0 0 0 0 0 0 0 0  \
	0 0 0 0 0 0 0 0 0 0  \
	0 0 0 0 0 0 0 0 0 0  \
	0 0 0 0 0 0 0 0 0 0  \
	0 0 0 0 0 0 0 0 0 0  \
	0 0 0 0 0 0 0 0 0 0  \
	0 0 0 0 0 0 0 0 0 0  \
	0 0 0 0 0 0 0 0 0 0  \
	0 0 0 0 0 0 0 0 0 0  \
	0 0 0 0 0 0 0 0 0 0  \
	0 0 0 0 0 0 0 0 0 0  \
	0 0 0 0 0 0 0 0 0 0  \
	0 0 0 0 0 0 0 0 0 0  \
	0 0 0 0 0 0 0 0 0 0  \
	0 0 0 0 0 0 0 0 0 0  \
	0 0 0 0 0 0 0 0 0 0  \
	0 0 0 0 0 0 0 0 0 0  \
	0 0 0 0 0 0 0 0 0 0  \
	0 0 0 0 0 0 0 0 0 0  \
	0 0 0 0 0 0 0 0 0 0  \
	0 0 0 0 0 0 0 0 0 0  \
	0 0 0 0 0 0 0 0 0 0  \
	0 0 0 0 0 0 0 0 0 0  \
	0 0 0 0 0 0 0 0 0 0  \
	0 0 0 0 0 0 0 0 0 0  \
	0 0 0 0 0 0 0 0 0 0  \
	0 0 0 0 0 0 0 0 0 0  \
	0 0 0 0 0 0 0 0 0 0  \
	0 0 0 0 0 0 0 0 0 0  \
	0 0 0 0 0 0 0 0 0 0  \
	0 0 0 0 0 0 0 0 0 0  \
	0 0 0 0 0 0 0 0 0 0  \
	0 0 0 0 0 0 0 0 0 0  \
	0 0 0 0 0 0 0 0 0 0  \
	0 0 0 0 0 0 0 0 0 0  \
	0 0 0 0 0 0 0 0 0 0  \
	0 0 0 0 0 0 0 0 0 0  \
	0 0 0 0 0 0 0 0 0 0  \
	0 0 0 0 0 0 0 0 0 0  \
	0 0 0 0 0 0 0 0 0 0  \
	0 0 0 0 0 0 0 0 0 0  \
	0 0 0 0 0 0 0 0 0 0  \
	0 0 0 0 0 0 0 0 0 0  \
	0 0 0 0 0 0 0 0 0 0  \
	0 0 0 0 0 0 0 0 0 0  \
	0 0 0 0 0 0 0 0 0 0  \
	0 0 0 0 0 0 0 0 0 0  \
	0 0 0 0 0 0 0 0 0 0  \
	0 0 0 0 0 0 0 0 0 0  \
	0 0 0 0 0 0 0 0 0 0  \
	0 0 0 0 0 0 0 0 0 0  \
	0 0 0 0 0 0 0 0 0 0  \
	0 0 0 0 0 0 0 0 0 0  \
	0 0 0 0 0 0 0 0 0 0  \
	0 0 0 0 0 0 0 0 0 0  \
	0 0 0 0 0 0 0 0 0 0  \
	0 0 0 0 0 0 0 0 0 0  \
	0 0 0 0 0 0 0 0 0 0  \
	0 0 0 0 0 0 0 0 0 0  \
	0 0 0 0 0 0 0 0 0 0  \
	0 0 0 0 0 0 0 0 0 0  \
	0 0 0 0 0 0 0 0 0 0  \
	0 0 0 0 0 0 0 0 0 0  \
	0 0 0 0 0 0 0 0 0 0  \
	0 0 0 0 0 0 0 0 0 0  \
	0 0 0 0 0 0 0 0 0 0  \
	0 0 0 0 0 0 0 0 0 0  \
	0 0 0 0 0 0 0 0 0 0  \
	0 0 0 0 0 0 0 0 0 0  \
	0 0 0 0 0 0 0 0 0 0  \
	0 0 0 0 0 0 0 0 0 0  \
	0 0 0 0 0 0 0 0 0 0  \
	0 0 0 0 0 0 0 0 0 0  \
	0 0 0 0 0 0 0 0 0 0  \
	0 0 0 0 0 0 0 0 0 0  \
	0 0 0 0 0 0 0 0 0 0  \
	0 0 0 0 0 0 0 0 0 0  \
	0 0 0 0 0 0 0 0 0 0  \
	0 0 0 0 0 0 0 0 0 0  \
	0 0 0 0 0 0 0 0 0 0  \
	0 0 0 0 0 0 0 0 0 0  \
	0 0 0 0 0 0 0 0 0 0  \
	0 0 0 0 0 0 0 0 0 0  \
	0 0 0 0 0 0 0 0 0 0  \
	0 0 0 0 0 0 0 0 0 0  \
	0 0 0 0 0 0 0 0 0 0  \
	0 0 0 0 0 0 0 0 0 0  \
	0 0 0 0 0 0 0 0 0 0  \
	0 0 0 0 0 0 0 0 0 0  \
	0 0 0 0 0 0 0 0 0 0  \
	0 0 0 0 0 0 0 0 0 0  \
	0 0 0 0 0 0 0 0 0 0  \
	0 0 0 0 0 0 0 0 0 0  \
	0 0 0 0 0 0 0 0 0 0  \
	0 0 0 0 0 0 0 0 0 0  \
	0 0 0 0 0 0 0 0 0 0  \
	0 0 0 0 0 0 0 0 0 0  \
	0 0 0 0 0 0 0 0 0 0  \
	0 0 0 0 0 0 0 0 0 0  \
	0 0 0 0 0 0 0 0 0 0  \
	0 0 0 0 0 0 0 0 0 0  \
	0 0 0 0 0 0 0 0 0 0  \
	0 0 0 0 0 0 0 0 0 0  \
	0 0 0 0 0 0 0 0 0 0  \
	0 0 0 0 0 0 0 0 0 0  \
	0 0 0 0 0 0 0 0 0 0  \
	0 0 0 0 0 0 0 0 0 0  \
	0 0 0 0 0 0 0 0 0 0  \
	0 0 0 0 0 0 0 0 0 0  \
	0 0 0 0 0 0 0 0 0 0  \
	0 0 0 0 0 0 0 0 0 0  \
	0 0 0 0 0 0 0 0 0 0  \
	0 0 0 0 0 0 0 0 0 0  \
	0 0 0 0 0 0 0 0 0 0  \
	0 0 0 0 0 0 0 0 0 0  \
	0 0 0 0 0 0 0 0 0 0  \
	0 0 0 0 
califaResolutionPar:   Float_t \
	0 0 0 0 0 0 0 0 0 0  \
	0 0 0 0 0 0 0 0 0 0  \
	0 0 0 0 0 0 0 0 0 0  \
	0 0 0 0 0 0 0 0 0 0  \
	0 0 0 0 0 0 0 0 0 0  \
	0 0 0 0 0 0 0 0 0 0  \
	0 0 0 0 0 0 0 0 0 0  \
	0 0 0 0 0 0 0 0 0 0  \
	0 0 0 0 0 0 0 0 0 0  \
	0 0 0 0 0 0 0 0 0 0  \
	0 0 0 0 0 0 0 0 0 0  \
	0 0 0 0 0 0 0 0 0 0  \
	0 0 0 0 0 0 0 0 0 0  \
	0 0 0 0 0 0 0 0 0 0  \
	0 0 0 0 0 0 0 0 0 0  \
	0 0 0 0 0 0 0 0 0 0  \
	0 0 0 0 0 0 0 0 0 0  \
	0 0 0 0 0 0 0 0 0 0  \
	0 0 0 0 0 0 0 0 0 0  \
	0 0 0 0 0 0 0 0 0 0  \
	0 0 0 0 0 0 0 0 0 0  \
	0 0 0 0 0 0 0 0 0 0  \
	0 0 0 0 0 0 0 0 0 0  \
	0 0 0 0 0 0 0 0 0 0  \
	0 0 0 0 0 0 0 0 0 0  \
	0 0 0 0 0 0 0 0 0 0  \
	0 0 0 0 0 0 0 0 0 0  \
	0 0 0 0 0 0 0 0 0 0  \
	0 0 0 0 0 0 0 0 0 0  \
	0 0 0 0 0 0 0 0 0 0  \
	0 0 0 0 0 0 0 0 0 0  \
	0 0 0 0 0 0 0 0 0 0  \
	0 0 0 0 0 0 0 0 0 0  \
	0 0 0 0 0 0 0 0 0 0  \
	0 0 0 0 0 0 0 0 0 0  \
	0 0 0 0 0 0 0 0 0 0  \
	0 0 0 0 0 0 0 0 0 0  \
	0 0 0 0 0 0 0 0 0 0  \
	0 0 0 0 0 0 0 0 0 0  \
	0 0 0 0 0 0 0 0 0 0  \
	0 0 0 0 0 0 0 0 0 0  \
	0 0 0 0 0 0 0 0 0 0  \
	0 0 0 0 0 0 0 0 0 0  \
	0 0 0 0 0 0 0 0 0 0  \
	0 0 0 0 0 0 0 0 0 0  \
	0 0 0 0 0 0 0 0 0 0  \
	0 0 0 0 0 0 0 0 0 0  \
	0 0 0 0 0 0 0 0 0 0  \
	0 0 0 0 0 0 0 0 0 0  \
	0 0 0 0 0 0 0 0 0 0  \
	0 0 0 0 0 0 0 0 0 0  \
	0 0 0 0 0 0 0 0 0 0  \
	0 0 0 0 0 0 0 0 0 0  \
	0 0 0 0 0 0 0 0 0 0  \
	0 0 0 0 0 0 0 0 0 0  \
	0 0 0 0 0 0 0 0 0 0  \
	0 0 0 0 0 0 0 0 0 0  \
	0 0 0 0 0 0 0 0 0 0  \
	0 0 0 0 0 0 0 0 0 0  \
	0 0 0 0 0 0 0 0 0 0  \
	0 0 0 0 0 0 0 0 0 0  \
	0 0 0 0 0 0 0 0 0 0  \
	0 0 0 0 0 0 0 0 0 0  \
	0 0 0 0 0 0 0 0 0 0  \
	0 0 0 0 0 0 0 0 0 0  \
	0 0 0 0 0 0 0 0 0 0  \
	0 0 0 0 0 0 0 0 0 0  \
	0 0 0 0 0 0 0 0 0 0  \
	0 0 0 0 0 0 0 0 0 0  \
	0 0 0 0 0 0 0 0 0 0  \
	0 0 0 0 0 0 0 0 0 0  \
	0 0 0 0 0 0 0 0 0 0  \
	0 0 0 0 0 0 0 0 0 0  \
	0 0 0 0 0 0 0 0 0 0  \
	0 0 0 0 0 0 0 0 0 0  \
	0 0 0 0 0 0 0 0 0 0  \
	0 0 0 0 0 0 0 0 0 0  \
	0 0 0 0 0 0 0 0 0 0  \
	0 0 0 0 0 0 0 0 0 0  \
	0 0 0 0 0 0 0 0 0 0  \
	0 0 0 0 0 0 0 0 0 0  \
	0 0 0 0 0 0 0 0 0 0  \
	0 0 0 0 0 0 0 0 0 0  \
	0 0 0 0 0 0 0 0 0 0  \
	0 0 0 0 0 0 0 0 0 0  \
	0 0 0 0 0 0 0 0 0 0  \
	0 0 0 0 0 0 0 0 0 0  \
	0 0 0 0 0 0 0 0 0 0  \
	0 0 0 0 0 0 0 0 0 0  \
	0 0 0 0 0 0 0 0 0 0  \
	0 0 0 0 0 0 0 0 0 0  \
	0 0 0 0 0 0 0 0 0 0  \
	0 0 0 0 0 0 0 0 7.01149 12.5113  \
	6.72612 6.88989 10.8151 5.2746 12.3435 6.72707 7.06207 4.29118 6.73563 7.30298  \
	5.59063 6.71977 10.0301 6.71033 0 0 0 0 0 0  \
	0 0 0 0 0 0 0 0 0 0  \
	0 0 0 0 0 0 0 0 0 0  \
	0 0 0 0 0 0 31.684 6.72156 10.2321 6.70781  \
	26.0782 5.91699 4.97152 6.28346 15.2625 8.07911 7.68062 16.6691 8.00992 5.29338  \
	7.24989 7.32404 6.28207 6.37708 23.9974 8.80671 6.877 5.73443 15.9125 11.5352  \
	5.83597 6.58012 9.13908 5.94857 8.71509 13.0212 6.51543 6.2651 0 0  \
	0 0 0 0 0 0 0 0 0 0  \
	0 0 0 0 0 0 0 0 0 0  \
	0 0 0 0 0 0 0 0 0 0  \
	8.14875 7.98841 5.87517 34.6526 6.04208 6.51342 12.6434 5.22362 11.7287 7.12828  \
	5.72679 7.14999 6.27649 7.08186 9.94094 5.67383 5.49243 8.30558 9.57075 10.3129  \
	6.30839 6.12369 5.00684 7.64165 5.64795 8.03947 3.87567 8.61148 5.9719 8.72652  \
	5.58581 5.53284 0 0 0 0 0 0 0 0  \
	0 0 0 0 0 0 0 0 0 0  \
	0 0 0 0 0 0 0 0 0 0  \
	0 0 0 0 6.73142 11.143 5.10478 8.04463 17.1863 7.18807  \
	9.26883 10.1392 8.11771 5.02283 6.03527 7.29267 8.38367 6.3142 10.1175 7.87147  \
	5.46974 8.43156 11.1634 0 6.58471 7.43126 8.66057 18.555 11.5126 6.42135  \
	7.69583 9.08999 66.1318 23.5161 8.35642 5.8113 0 0 0 0  \
	0 0 0 0 0 0 0 0 0 0  \
	0 0 0 0 0 0 0 0 0 0  \
	0 0 0 0 0 0 0 0 16.3164 6.33307  \
	8.90429 8.20235 5.82689 6.72446 8.72661 8.74215 7.54125 12.8784 7.12649 6.62894  \
	7.76309 9.06875 8.44703 6.96179 5.69421 5.79085 0 9.36598 5.95782 7.13165  \
	0 0 5.48992 4.46677 5.04607 5.04881 5.34772 5.37054 7.19275 4.69776  \
	0 0 0 0 0 0 0 0 0 0  \
	0 0 0 0 0 0 0 0 0 0  \
	0 0 0 0 0 0 0 0 0 0  \
	0 0 11.6169 6.73658 15.1429 8.68369 7.0961 7.09213 16.3701 7.05928  \
	4.89507 5.75281 8.88486 7.56676 8.80991 7.43976 6.94556 7.47674 6.30841 47.3495  \
	10.839 5.55212 5.78925 7.90654 56.9756 0 11.1824 10.4404 6.41424 6.30074  \
	6.10776 12.1593 0 13.3168 0 0 0 0 0 0  \
	0 0 0 0 0 0 0 0 0 0  \
	0 0 0 0 0 0 0 0 0 0  \
	0 0 0 0 0 0 7.18737 7.37976 13.6067 0  \
	6.67156 6.78116 9.20313 15.8402 7.85794 10.4774 9.42714 7.22426 8.02326 7.25448  \
	7.03539 8.06942 6.85721 7.67828 5.87261 12.0135 8.37853 6.39095 5.89952 6.11633  \
	5.84204 5.23722 5.71498 5.20062 5.02377 6.23361 6.96303 6.4918 0 0  \
	0 0 0 0 0 0 0 0 0 0  \
	0 0 0 0 0 0 0 0 0 0  \
	0 0 0 0 0 0 0 0 0 0  \
	6.46103 9.83916 7.13695 8.78318 6.79306 7.57815 12.6205 31.4865 9.37205 6.49709  \
	4.68557 5.79803 8.60639 6.04257 8.08325 12.1213 9.60296 5.59131 5.14149 8.20926  \
	6.39855 10.7305 7.24177 63.4728 6.30281 6.77854 9.73874 8.61163 6.75583 6.88369  \
	6.94327 22.1655 0 0 0 0 0 0 0 0  \
	0 0 0 0 0 0 0 0 0 0  \
	0 0 0 0 0 0 0 0 0 0  \
	0 0 0 0 6.98274 7.42956 8.87498 6.63364 6.73452 5.32168  \
	7.60125 7.09367 6.91492 7.42349 7.00208 10.5558 6.45522 7.79331 8.8727 8.92516  \
	6.43814 9.07051 11.5059 10.3291 0 6.33543 7.41089 5.90766 6.13402 7.69025  \
	7.46055 6.86422 5.24314 6.66322 8.28041 7.23494 0 0 0 0  \
	0 0 0 0 0 0 0 0 0 0  \
	0 0 0 0 0 0 0 0 0 0  \
	0 0 0 0 0 0 0 0 7.28069 7.29328  \
	7.67111 7.44259 6.23308 6.15023 6.85607 4.87392 5.09434 10.6187 5.33459 9.70003  \
	8.60125 5.42573 11.3224 9.06112 17.1065 11.8385 7.91764 7.71997 6.92335 9.11211  \
	6.36685 0 6.03402 9.19799 10.271 6.48825 7.34293 7.63356 5.59121 7.13964  \
	0 0 0 0 0 0 0 0 0 0  \
	0 0 0 0 0 0 0 0 0 0  \
	0 0 0 0 0 0 0 0 0 0  \
	0 0 6.33291 7.8057 6.92606 6.9347 7.26534 8.27639 6.41791 7.18082  \
	6.80126 6.69407 0 9.00018 7.43225 5.54214 9.33309 0 49.0254 6.81206  \
	6.65626 7.24732 7.50145 0 7.26705 8.14189 5.80462 6.37426 6.8767 5.65314  \
	6.70313 5.80547 6.9715 7.28065 0 0 0 0 0 0  \
	0 0 0 0 0 0 0 0 0 0  \
	0 0 0 0 0 0 0 0 0 0  \
	0 0 0 0 0 0 4.79315 5.93644 7.67918 9.7228  \
	5.39049 7.44852 5.2797 14.53 14.7505 7.4949 6.0079 8.75018 11.5521 6.93024  \
	8.66608 7.56506 10.465 21.0248 7.11428 7.29544 5.97219 0 5.73003 6.49857  \
	13.8913 7.70908 6.89093 8.04031 9.52334 11.1577 0 7.27958 0 0  \
	0 0 0 0 0 0 0 0 0 0  \
	0 0 0 0 0 0 0 0 0 0  \
	0 0 0 0 0 0 0 0 0 0  \
	6.46234 7.17292 11.3278 6.46193 6.49025 8.48483 6.53626 8.80106 9.84382 6.70137  \
	6.38174 7.40479 7.34372 8.09767 8.32364 7.65679 7.29137 8.50607 10.4684 12.9362  \
	18.4693 7.53928 6.24936 8.26989 7.66387 7.00686 7.41739 6.45056 11.1979 6.08236  \
	6.49823 8.62698 0 0 0 0 0 0 0 0  \
	0 0 0 0 0 0 0 0 0 0  \
	0 0 0 0 0 0 0 0 0 0  \
	0 0 0 0 6.32543 9.13179 12.0541 7.84001 8.46981 11.1969  \
	5.84327 10.4377 8.48618 6.37298 10.7252 6.00592 12.9642 6.91693 8.08372 45.5821  \
	7.56114 9.11886 6.21158 6.67969 8.18805 54.8113 8.03765 7.93491 7.2191 7.16433  \
	9.23707 0 6.53203 10.5284 5.22194 8.9056 0 0 0 0  \
	0 0 0 0 0 0 0 0 0 0  \
	0 0 0 0 0 0 0 0 0 0  \
	0 0 0 0 0 0 0 0 7.83388 10.2905  \
	8.33461 7.37218 8.62356 6.77357 9.64482 6.3041 7.64756 8.52363 8.76176 5.55947  \
	10.71 9.82437 7.68827 16.5458 11.6122 14.7092 8.43105 9.06649 0 8.10469  \
	8.86943 13.4764 6.12976 6.11006 9.88274 12.4975 6.64124 6.75007 10.3503 6.35173  \
	0 0 0 0 0 0 0 0 0 0  \
	0 0 0 0 0 0 0 0 0 0  \
	0 0 0 0 0 0 0 0 0 0  \
	0 0 14.6034 51.8083 55.4047 5.96292 6.35936 6.16835 10.0254 7.82271  \
	9.26657 49.6378 7.53384 7.53215 6.09344 6.70842 6.68882 11.5846 8.15209 6.99164  \
	48.4863 55.9269 6.75236 7.39719 8.70262 6.29353 5.94373 7.82772 8.29484 8.73151  \
	10.8566 9.70466 48.9007 5.60557 0 0 0 0 0 0  \
	0 0 0 0 0 0 0 0 0 0  \
	0 0 0 0 0 0 0 0 0 0  \
	0 0 0 0 0 0 6.13494 8.99427 7.59626 7.67522  \
	6.48592 7.25048 7.65883 8.61981 7.40548 9.58013 9.32286 8.99325 8.22287 9.22326  \
	6.8487 45.985 0 0 0 0 0 0 0 0  \
	0 0 0 0 0 0 0 0 10.2384 8.59345  \
	20.2072 0 11.2871 18.9314 21.4206 56.153 0 0 0 0  \
	0 0 0 0 7.14119 7.85396 12.265 8.55346 0 7.35652  \
	8.25841 54.9925 9.911 7.99726 7.34948 14.7896 6.54472 7.24082 7.16897 8.31283  \
	0 0 0 0 0 0 0 0 0 0  \
	0 0 0 0 0 0 0 0 0 0  \
	0 0 0 0 0 0 0 0 0 0  \
	0 0 0 0 0 0 0 0 0 0  \
	6.91052 5.56281 50.606 16.0692 11.6251 7.47341 6.56657 5.38347 35.8883 53.3807  \
	12.2438 12.1594 46.1873 16.0632 9.16837 10.1374 0 0 0 0  \
	0 0 0 0 0 0 0 0 0 0  \
	0 0 0 0 0 0 0 0 0 0  \
	0 0 0 0 0 0 0 0 0 0  \
	0 0 0 0 0 0 8.70584 6.05219 7.41818 6.70759  \
	5.8539 11.2899 7.57551 5.27954 0 0 0 0 0 0  \
	0 0 6.69717 6.37949 6.3448 8.30267 7.93033 9.28311 6.88306 10.0409  \
	10.1337 7.73768 0 6.86832 6.17492 5.48723 6.77557 0 0 0  \
	0 0 0 0 0 0 0 0 0 0  \
	0 0 0 0 0 0 0 0 0 0  \
	0 0 0 0 0 0 0 0 0 0  \
	0 0 0 0 0 0 0 0 0 8.3967  \
	6.84377 0 5.74458 0 6.56046 8.20127 46.6077 19.1278 7.96342 8.43985  \
	10.3146 8.17668 9.30951 7.63692 0 0 0 0 0 0  \
	0 0 0 0 0 0 0 0 0 0  \
	0 0 0 0 0 0 0 0 0 0  \
	0 0 0 0 0 0 0 0 0 0  \
	0 0 0 0 7.93922 8.15619 8.69068 6.13034 5.99478 17.5997  \
	8.26954 7.00441 7.71057 0 8.62463 0 7.25173 8.56299 0 8.69703  \
	5.58049 6.22377 11.4711 7.4158 9.22699 7.77206 8.22566 9.6019 6.8569 6.87857  \
	7.66754 8.60517 0 5.30417 10.7903 6.50289 0 0 0 0  \
	0 0 0 0 0 0 0 0 0 0  \
	0 0 0 0 0 0 0 0 0 0  \
	0 0 0 0 0 0 0 0 0 0  \
	0 0 0 0 0 0 7.05646 42.2147 39.1712 25.8456  \
	68.4518 10.9497 13.6085 9.27363 15.6631 58.6938 13.7183 47.1082 44.084 11.6117  \
	7.89262 20.536 0 0 0 0 0 0 0 0  \
	0 0 0 0 0 0 0 0 0 0  \
	0 0 0 0 0 0 0 0 0 0  \
	17.6781 10.0142 7.64948 10.7917 10.3183 0 0 0 0 0  \
	0 55.8294 6.32878 17.8498 0 0 0 0 0 0  \
	0 0 0 6.42782 8.3325 11.5179 7.85304 0 16.4253 0  \
	0 0 0 0 0 7.29604 20.7661 11.5552 0 0  \
	0 0 0 0 0 0 0 8.06489 6.32108 32.0142  \
	7.34097 9.14556 12.277 0 0 0 0 0 0 0  \
	0 0 14.9473 21.2938 11.6937 0 0 0 0 0  \
	0 6.61755 9.21858 9.1516 7.71077 8.08396 9.99807 0 0 0  \
	0 0 0 0 0 0 8.10091 13.6114 8.63554 0  \
	0 0 0 0 0 0 0 0 0 0  \
	0 0 0 0 0 0 0 0 0 0  \
	0 0 0 0 0 0 0 0 0 0  \
	0 0 0 0 0 0 0 0 0 0  \
	0 0 0 0 0 0 0 0 0 0  \
	0 0 0 0 0 0 0 0 0 0  \
	0 0 0 0 0 0 0 0 0 0  \
	0 0 0 0 0 0 0 0 0 0  \
	0 0 0 0 0 0 0 0 0 0  \
	0 0 0 0 0 0 0 0 0 0  \
	0 0 0 0 0 0 0 0 0 0  \
	0 0 0 0 0 0 0 0 0 0  \
	0 0 0 0 0 0 0 0 0 0  \
	0 0 0 0 0 0 0 0 0 0  \
	0 0 0 0 0 0 0 0 0 0  \
	0 0 0 0 0 0 0 0 0 0  \
	0 0 0 0 0 0 0 0 0 0  \
	0 0 0 0 0 0 0 0 0 0  \
	0 0 0 0 0 0 0 0 0 0  \
	0 0 0 0 0 0 0 0 0 0  \
	0 0 0 0 0 0 0 0 0 0  \
	0 0 0 0 0 0 0 0 0 0  \
	0 0 0 0 0 0 0 0 0 0  \
	0 0 0 0 0 0 0 0 0 0  \
	0 0 0 0 0 0 0 0 0 0  \
	0 0 0 0 0 0 0 0 0 0  \
	0 0 0 0 0 0 0 0 0 0  \
	0 0 0 0 0 0 0 0 0 0  \
	0 0 0 0 0 0 0 0 0 0  \
	0 0 0 0 0 0 0 0 0 0  \
	0 0 0 0 0 0 0 0 0 0  \
	0 0 0 0 0 0 0 0 0 0  \
	0 0 0 0 0 0 0 0 0 0  \
	0 0 0 0 0 0 0 0 0 0  \
	0 0 0 0 0 0 0 0 0 0  \
	0 0 0 0 0 0 0 0 0 0  \
	0 0 0 0 0 0 0 0 0 0  \
	0 0 0 0 0 0 0 0 0 0  \
	0 0 0 0 0 0 0 0 0 0  \
	0 0 0 0 0 0 0 0 0 0  \
	0 0 0 0 0 0 0 0 0 0  \
	0 0 0 0 0 0 0 0 0 0  \
	0 0 0 0 0 0 0 0 0 0  \
	0 0 0 0 0 0 0 0 0 0  \
	0 0 0 0 0 0 0 0 0 0  \
	0 0 0 0 0 0 0 0 0 0  \
	0 0 0 0 0 0 0 0 0 0  \
	0 0 0 0 0 0 0 0 0 0  \
	0 0 0 0 0 0 0 0 0 0  \
	0 0 0 0 0 0 0 0 0 0  \
	0 0 0 0 0 0 0 0 0 0  \
	0 0 0 0 0 0 0 0 0 0  \
	0 0 0 0 0 0 0 0 0 0  \
	0 0 0 0 0 0 0 0 0 0  \
	0 0 0 0 0 0 0 0 0 0  \
	0 0 0 0 0 0 0 0 0 0  \
	0 0 0 0 0 0 0 0 0 0  \
	0 0 0 0 0 0 0 0 0 0  \
	0 0 0 0 0 0 0 0 0 0  \
	0 0 0 0 0 0 0 0 0 0  \
	0 0 0 0 0 0 0 0 0 0  \
	0 0 0 0 0 0 0 0 0 0  \
	0 0 0 0 0 0 0 0 0 0  \
	0 0 0 0 0 0 0 0 0 0  \
	0 0 0 0 0 0 0 0 0 0  \
	0 0 0 0 0 0 0 0 0 0  \
	0 0 0 0 0 0 0 0 0 0  \
	0 0 0 0 0 0 0 0 0 0  \
	0 0 0 0 0 0 0 0 0 0  \
	0 0 0 0 0 0 0 0 0 0  \
	0 0 0 0 0 0 0 0 0 0  \
	0 0 0 0 0 0 0 0 0 0  \
	0 0 0 0 0 0 0 0 0 0  \
	0 0 0 0 0 0 0 0 0 0  \
	0 0 0 0 0 0 0 0 0 0  \
	0 0 0 0 0 0 0 0 0 0  \
	0 0 0 0 0 0 0 0 0 0  \
	0 0 0 0 0 0 0 0 0 0  \
	0 0 0 0 0 0 0 0 0 0  \
	0 0 0 0 0 0 0 0 0 0  \
	0 0 0 0 0 0 0 0 0 0  \
	0 0 0 0 0 0 0 0 0 0  \
	0 0 0 0 0 0 0 0 0 0  \
	0 0 0 0 0 0 0 0 0 0  \
	0 0 0 0 0 0 0 0 0 0  \
	0 0 0 0 0 0 0 0 0 0  \
	0 0 0 0 0 0 0 0 0 0  \
	0 0 0 0 0 0 0 0 0 0  \
	0 0 0 0 0 0 0 0 0 0  \
	0 0 0 0 0 0 0 0 0 0  \
	0 0 0 0 0 0 0 0 0 0  \
	0 0 0 0 0 0 0 0 0 0  \
	0 0 0 0 0 0 0 0 0 0  \
	0 0 0 0 0 0 0 0 0 0  \
	0 0 0 0 0 0 0 0 0 0  \
	0 0 0 0 0 0 0 0 0 0  \
	0 0 0 0 0 0 0 0 0 0  \
	0 0 0 0 0 0 0 0 0 0  \
	0 0 0 0 0 0 0 0 0 0  \
	0 0 0 0 0 0 0 0 0 0  \
	0 0 0 0 0 0 0 0 0 0  \
	0 0 0 0 0 0 0 0 0 0  \
	0 0 0 0 0 0 0 0 0 0  \
	0 0 0 0 0 0 0 0 0 0  \
	0 0 0 0 0 0 0 0 0 0  \
	0 0 0 0 0 0 0 0 0 0  \
	0 0 0 0 0 0 0 0 0 0  \
	0 0 0 0 0 0 0 0 0 0  \
	0 0 0 0 0 0 0 0 0 0  \
	0 0 0 0 0 0 0 0 0 0  \
	0 0 0 0 0 0 0 0 0 0  \
	0 0 0 0 0 0 0 0 0 0  \
	0 0 0 0 0 0 0 0 0 0  \
	0 0 0 0 0 0 0 0 0 0  \
	0 0 0 0 0 0 0 0 0 0  \
	0 0 0 0 0 0 0 0 0 0  \
	0 0 0 0 0 0 0 0 0 0  \
	0 0 0 0 0 0 0 0 0 0  \
	0 0 0 0 0 0 0 0 0 0  \
	0 0 0 0 0 0 0 0 0 0  \
	0 0 0 0 0 0 0 0 0 0  \
	0 0 0 0 0 0 0 0 0 0  \
	0 0 0 0 0 0 0 0 0 0  \
	0 0 0 0 0 0 0 0 0 0  \
	0 0 0 0 0 0 0 0 0 0  \
	0 0 0 0 0 0 0 0 0 0  \
	0 0 0 0 0 0 0 0 0 0  \
	0 0 0 0 0 0 0 0 0 0  \
	0 0 0 0 0 0 0 0 0 0  \
	0 0 0 0 0 0 0 0 0 0  \
	0 0 0 0 0 0 0 0 0 0  \
	0 0 0 0 0 0 0 0 0 0  \
	0 0 0 0 0 0 0 0 0 0  \
	0 0 0 0 0 0 0 0 0 0  \
	0 0 0 0 0 0 0 0 0 0  \
	0 0 0 0 0 0 0 0 0 0  \
	0 0 0 0 0 0 0 0 0 0  \
	0 0 0 0 0 0 0 0 0 0  \
	0 0 0 0 0 0 0 0 0 0  \
	0 0 0 0 0 0 0 0 0 0  \
	0 0 0 0 0 0 0 0 0 0  \
	0 0 0 0 0 0 0 0 0 0  \
	0 0 0 0 0 0 0 0 0 0  \
	0 0 0 0 0 0 0 0 0 0  \
	0 0 0 0 0 0 0 0 0 0  \
	0 0 0 0 0 0 0 0 0 0  \
	0 0 0 0 0 0 0 0 0 0  \
	0 0 0 0 0 0 0 0 0 0  \
	0 0 0 0 0 0 0 0 0 0  \
	0 0 0 0 0 0 0 0 0 0  \
	0 0 0 0 0 0 0 0 0 0  \
	0 0 0 0 0 0 0 0 0 0  \
	0 0 0 0 0 0 0 0 0 0  \
	0 0 0 0 0 0 0 0 0 0  \
	0 0 0 0 0 0 0 0 0 0  \
	0 0 0 0 0 0 0 0 0 0  \
	0 0 0 0 0 0 0 0 0 0  \
	0 0 0 0 0 0 0 0 0 0  \
	0 0 0 0 0 0 0 0 0 0  \
	0 0 0 0 0 0 0 0 0 0  \
	0 0 0 0 0 0 0 0 0 0  \
	0 0 0 0 0 0 0 0 0 0  \
	0 0 0 0 0 0 0 0 0 0  \
	0 0 0 0 0 0 0 0 0 0  \
	0 0 0 0 0 0 0 0 0 0  \
	0 0 0 0 0 0 0 0 0 0  \
	0 0 0 0 0 0 0 0 0 0  \
	0 0 0 0 0 0 0 0 0 0  \
	0 0 0 0 0 0 0 0 0 0  \
	0 0 0 0 0 0 0 0 0 0  \
	0 0 0 0 0 0 0 0 0 0  \
	0 0 0 0 0 0 0 0 0 0  \
	0 0 0 0 0 0 0 0 0 0  \
	0 0 0 0 0 0 0 0 0 0  \
	0 0 0 0 0 0 0 0 0 0  \
	0 0 0 0 0 0 0 0 0 0  \
	0 0 0 0 0 0 0 0 0 0  \
	0 0 0 0 0 0 0 0 0 0  \
	0 0 0 0 0 0 0 0 0 0  \
	0 0 0 0 0 0 0 0 0 0  \
	0 0 0 0 0 0 0 0 0 0  \
	0 0 0 0 0 0 0 0 0 0  \
	0 0 0 0 0 0 0 0 0 0  \
	0 0 0 0 0 0 0 0 0 0  \
	0 0 0 0 0 0 0 0 0 0  \
	0 0 0 0 0 0 0 0 0 0  \
	0 0 0 0 0 0 0 0 0 0  \
	0 0 0 0 0 0 0 0 0 0  \
	0 0 0 0 0 0 0 0 0 0  \
	0 0 0 0 0 0 0 0 0 0  \
	0 0 0 0 0 0 0 0 0 0  \
	0 0 0 0 0 0 0 0 0 0  \
	0 0 0 0 0 0 0 0 0 0  \
	0 0 0 0 0 0 0 0 0 0  \
	0 0 0 0 0 0 0 0 0 0  \
	0 0 0 0 0 0 0 0 0 0  \
	0 0 0 0 0 0 0 0 0 0  \
	0 0 0 0 0 0 0 0 0 0  \
	0 0 0 0 0 0 0 0 0 0  \
	0 0 0 0 0 0 0 0 0 0  \
	0 0 0 0 0 0 0 0 0 0  \
	0 0 0 0 0 0 0 0 0 0  \
	0 0 0 0 0 0 0 0 0 0  \
	0 0 0 0 0 0 0 0 0 0  \
	0 0 0 0 0 0 0 0 0 0  \
	0 0 0 0 0 0 0 0 0 0  \
	0 0 0 0 0 0 0 0 0 0  \
	0 0 0 0 0 0 0 0 0 0  \
	0 0 0 0 0 0 0 0 0 0  \
	0 0 0 0 0 0 0 0 0 0  \
	0 0 0 0 0 0 0 0 0 0  \
	0 0 0 0 0 0 0 0 0 0  \
	0 0 0 0 0 0 0 0 0 0  \
	0 0 0 0 0 0 0 0 0 0  \
	0 0 0 0 0 0 0 0 0 0  \
	0 0 0 0 0 0 0 0 0 0  \
	0 0 0 0 0 0 0 0 0 0  \
	0 0 0 0 0 0 0 0 0 0  \
	0 0 0 0 0 0 0 0 0 0  \
	0 0 0 0 0 0 0 0 0 0  \
	0 0 0 0 0 0 0 0 0 0  \
	0 0 0 0 0 0 0 0 0 0  \
	0 0 0 0 0 0 0 0 0 0  \
	0 0 0 0 0 0 0 0 0 0  \
	0 0 0 0 0 0 0 0 0 0  \
	0 0 0 0 0 0 0 0 0 0  \
	0 0 0 0 0 0 0 0 0 0  \
	0 0 0 0 0 0 0 0 0 0  \
	0 0 0 0 0 0 0 0 0 0  \
	0 0 0 0 0 0 0 0 0 0  \
	0 0 0 0 0 0 0 0 0 0  \
	0 0 0 0 0 0 0 0 0 0  \
	0 0 0 0 0 0 0 0 0 0  \
	0 0 0 0 0 0 0 0 0 0  \
	0 0 0 0 0 0 0 0 0 0  \
	0 0 0 0 0 0 0 0 0 0  \
	0 0 0 0 0 0 0 0 0 0  \
	0 0 0 0 0 0 0 0 0 0  \
	0 0 0 0 0 0 0 0 0 0  \
	0 0 0 0 0 0 0 0 0 0  \
	0 0 0 0 0 0 0 0 0 0  \
	0 0 0 0 0 0 0 0 0 0  \
	0 0 0 0 0 0 0 0 0 0  \
	0 0 0 0 
califaCrystalNumberPar:   Int_t 4864
califaNumPars4SimPar:   Int_t 3
